19374
19491
19492
19493
19494
19499
19691
19692
19694
19779
19793
19799
19813
20060
20061
20062
20063
20067
20077
20086
20088
20093
20094
20479
20487
20495
20498
20499
20566
20567
20568
20569
20570
20571
20572
20573
20574
20575
20576
20577
20578
20678
20682
20683
20684
20685
20686
20687
20689
20690
20691
20692
20693
20695
20696
20790
20791
20792
20793
20794
20795
20796
20797
20798
20799
20800
20801
20802
20803
20804
20805
20806
20807
20810
20821
20825
20845
20848
20852
20856
20858
20859
20860
20861
20862
20863
20864
20865
20866
20867
20868
20871
20873
20877
20884
20885
20886
20887
20888
20889
20890
20892
20893
20894
20895
20896
20897
20898
20899
20900
20903
20909
20910
20911
20924
20964
20970
20972
21257
21258
21260
21262
21263
21266
21267
21268
21274
21275
21284
21285
21286
21287
21288
21289
21290
21291
21292
21293
21294
21295
21296
21297
21298
21299
21300
21301
21302
21303
21304
21414
21419
21420
21421
21422
21424
21426
21430
21434
21435
21437
21447
21449
21450
21471
21498
21501
21502
21504
21506
21508
21511
21512
21515
21517
21518
21533
21534
21539
21541
21543
21544
21545
21550
21551
21555
21556
21557
21565
21566
21567
21568
21569
21570
21572
21573
21574
21577
21578
21585
21588
21620
21624
21625
21626
21627
21628
21632
21633
21638
21639
21668
21669
21671
21682
21696
21703
21704
21705
21706
21707
21708
21709
21711
21712
21713
21714
21715
21723
21728
21739
21742
21744
21748
21753
21756
21761
21770
21771
21772
21783
21790
21796
21800
21821
21831
21844
21845
21846
21847
21848
21849
21850
21851
21853
21854
21855
21856
21857
21858
21859
21860
21861
21862
21863
21868
21869
21870
21871
21872
21873
21874
21875
21876
21877
21879
21881
21882
21883
21884
21895
21896
21897
21898
21899
21900
21901
21902
21904
21907
21908
21909
21910
21915
21916
21917
21918
21919
21920
21921
21922
21923
21924
21925
21926
21927
21928
21930
21931
21932
21933
21934
21935
21937
21938
21939
21940
21941
21942
21943
21944
21945
21946
21947
21971
22071
22072
22077
22078
22116
22122
22123
22125
22126
22133
22136
22213
22214
22215
22216
22222
22226
22243
22244
22245
22249
22265
22275
22295
22296
22297
22303
22312
22322
22323
22326
22327
22329
22348
22407
22408
22413
22414
22415
22416
22417
22418
22419
22422
22423
22424
22428
22429
22434
22435
22437
22438
22441
22449
22451
22453
22454
22456
22484
22485
22486
22487
22488
22489
22490
22491
22492
22493
22494
22498
22500
22501
22502
22508
22511
22512
22513
22514
22609
22610
22611
22623
22624
22625
22626
22731
22735
22745
22746
22779
22817
22819
22820
22821
22822
22823
22824
22825
22829
22830
22831
23354
23361
23371
23405
23426
23428
23429
23431
23433
23434
23435
23436
23437
23438
23440
23447
23484
23485
23486
23487
23488
23490
23497
23498
23499
23500
23501
23502
23503
23504
23505
23506
23507
23508
23509
23510
23512
23776
23777
23778
23779
23780
23803
23805
23806
24085
24086
24087
24088
24089
24091
24094
24095
24096
24097
24098
